dados10 <-
structure(list(y = c(6L, 12L, 12L, 23L, 22L, 30L, 49L, 54L, 57L, 
73L), X.Intercept. = c(1, 1, 1, 1, 1, 1, 1, 1, 1, 1), cov = c(0, 
0.55555555555555558, 1.1111111111111112, 1.6666666666666667, 
2.2222222222222223, 2.7777777777777777, 3.3333333333333335, 3.8888888888888893, 
4.4444444444444446, 5)), class = "data.frame", row.names = c("1", 
"2", "3", "4", "5", "6", "7", "8", "9", "10"))
